28.7812 34.4632 31.3381 31.2834 28.9207 33.7596 25.3969 27.7849 35.2479 27.1159 32.8717 29.2171 36.0253 32.337  34.5249 32.8717 34.1173 26.5235 27.6623 26.3693 25.7744 29.27   30.7326 29.5054 33.0292 25.04   28.9167 24.3437 26.1203 34.9424 25.0293 26.6311 35.6541 28.4353 29.1495 28.1584 26.1927 33.3182 30.9772 27.0443 35.5344 26.2353 28.9964 32.0036 31.0558 34.2553 28.0721 28.9402 35.4973 29.747  31.4333 24.5556 33.7431 25.0466 34.9318 34.9879 32.4721 33.3759 25.4652 25.8717
25.5067 29.7929 28.0765 34.4812 33.8    27.6671 30.6122 25.6393 30.1171 26.5188 30.1524 27.8514 29.5582 32.3601 29.2064 26.1001 33.4677 33.901  29.2674 34.8311 31.9815 26.496  32.6645 27.7188 35.7385 32.8309 30.1509 30.5593 27.3321 27.4559 24.2361 34.7268 29.9207 27.273  35.9963 32.3917 27.139  26.4589 25.0466 35.5002 27.9961 25.8897 31.3951 30.7583 34.9652 28.0919 35.6706 33.4401 28.458  31.1795 26.9458 35.8381 26.7134 25.1641 27.341  25.2093 33.4669 24.1094 33.1669 35.4907
35.2623 35.6805 31.0851 30.2589 24.1366 27.0766 25.777  33.1482 24.7965 26.2804 33.3828 28.5484 26.7417 35.9152 30.3841 31.6716 24.0114 33.0446 33.5631 33.9432 31.3396 24.4979 31.7928 34.6457 26.8155 33.8731 26.529  35.2714 30.506  29.6243 32.4622 33.0465 29.1157 26.2378 28.1837 32.0623 28.3332 30.979  33.2201 24.2508 27.1735 32.1189 24.5262 30.8321 27.5047 26.0098 25.2243 24.1142 29.4958 26.2298 30.5457 24.8259 29.9075 28.0949 31.5622 26.4082 34.1331 28.1918 30.2934 29.4113
28.1944 30.7994 33.901  26.7178 27.5378 28.0809 32.55   33.7445 26.0439 32.6774 34.3255 30.2526 29.8171 33.027  35.6129 27.6788 32.85   28.4272 28.5124 25.5923 30.614  31.882  29.9064 28.2748 31.9826 29.8193 35.3445 34.161  32.2591 34.4338 31.9881 28.5877 24.3926 33.4853 30.3804 28.3666 35.2274 33.4754 32.6928 28.1433 35.2384 25.0998 29.5685 29.4128 33.486  30.7954 27.4526 26.2169 25.7553 27.1845 30.0683 32.142  35.4099 34.595  24.051  34.6641 35.2538 34.1011 24.7752 33.6604
25.7946 33.9116 25.3323 24.43   26.9818 25.3804 25.3411 30.1135 25.4443 29.9155 29.0078 24.4778 35.2149 31.2526 25.672  31.3536 27.2958 31.0077 31.9731 26.6106 26.8004 29.5002 30.553  33.3039 33.5694 30.762  28.736  25.3543 35.8814 32.9954 28.4882 25.188  31.8923 31.9371 29.8689 28.7089 27.6002 34.4885 27.7361 34.7342 34.2649 25.8412 27.6505 28.8646 34.0813 31.8497 28.7188 30.452  33.2998 27.352  35.4062 28.5719 27.1919 24.7289 34.0335 35.9945 32.1629 33.2212 32.0906 26.8977
34.2127 25.669  24.0059 31.6246 28.0684 25.6268 28.1628 28.8987 25.7417 31.9892 35.1106 25.8618 30.6239 26.8584 31.4748 29.1991 32.7211 28.0706 30.2629 34.9835 28.7801 24.3096 26.3704 25.2794 33.9766 31.7935 32.5812 24.0907 35.906  35.2648 29.4811 26.5162 28.1257 27.2378 29.7077 30.1135 25.8655 28.566  29.7903 30.4715 32.6818 27.5264 25.9386 29.4951 29.14   33.334  35.4958 26.7002 24.5009 24.8626 35.6879 29.9905 25.8949 26.5808 26.1122 32.1453 26.1299 32.3139 30.3287 25.5908
26.8518 35.4224 27.0112 24.2167 27.0174 33.6189 28.1863 33.7959 29.9684 29.5619 27.2179 24.2515 34.9586 27.8213 33.4783 24.5626 30.4528 35.3471 30.8729 26.6348 35.3809 29.4576 27.2403 25.127  29.296  30.4869 30.4436 24.4917 29.0236 35.7933 31.2588 25.6396 33.9068 35.1062 31.0312 34.7169 25.0411 32.3858 25.7358 34.2142 29.3919 29.4429 32.5562 31.0855 25.0682 28.8543 34.5058 25.8343 35.5715 35.4932 25.481  29.2836 32.857  29.9717 31.2632 31.1432 33.1364 25.6833 24.1359 35.064
33.0274 30.1664 34.7195 26.2819 26.4512 27.5253 30.5251 24.0995 26.084  34.5403 24.1979 33.9208 27.4137 24.4924 30.1421 35.3133 29.4165 24.9728 30.4091 26.0296 32.6359 34.898  32.6249 24.2064 34.0897 35.2766 27.1673 35.8979 29.9097 24.9078 25.961  30.4355 30.6037 30.2574 34.3651 32.287  27.6395 32.7171 30.2306 34.9813 24.5494 27.222  30.2156 26.2694 35.1481 35.1062 28.6538 34.6475 29.6981 32.4714 33.4614 29.1591 32.4516 26.077  32.5008 27.8206 26.496  33.4559 30.6621 29.9978
34.4988 30.9151 31.0631 35.3471 35.4036 29.5457 31.253  34.1459 29.9247 33.9583 27.5069 24.4543 26.9609 26.3689 28.3868 24.7032 25.3719 34.2487 29.7492 35.1337 30.9291 26.8202 25.9257 35.8333 27.605  32.7832 31.084  26.4449 28.4154 31.4065 34.4272 35.7224 24.1902 29.498  35.5131 35.1271 27.6972 32.8287 35.2252 33.5999 31.4839 35.722  32.4082 35.0129 28.7338 26.1798 34.0622 27.1379 35.8325 33.9909 32.8478 32.5867 25.2809 26.6664 31.9936 29.5759 32.5382 29.6082 35.256  25.6668
27.4772 33.4699 33.2165 28.2722 32.1262 35.4932 28.6123 33.9491 26.6469 31.777  32.6572 29.2373 24.0841 24.719  27.8683 31.2684 24.8453 32.1644 29.859  32.4314 24.3209 35.9603 26.5849 33.7324 34.6332 32.5331 32.6723 33.7166 35.1455 32.4438 32.0961 27.4702 25.0939 30.3551 33.6843 28.1158 32.8041 33.0215 24.7455 32.9565 26.2294 34.3802 35.2718 30.9184 24.4965 25.3528 25.8067 33.6087 30.2989 35.7268 28.028  34.1066 34.6982 31.0073 34.5447 32.2415 27.0252 34.6281 30.8542 30.4697
24.1182 26.5063 29.8101 24.7781 30.7051 30.0393 29.9221 27.3035 29.8909 26.3168 29.2402 35.5894 26.102  35.6063 28.779  35.6225 28.104  29.1477 31.9551 31.0947 25.1094 32.424  25.0771 25.2254 30.78   24.7374 27.4232 34.4764 31.5537 29.5535 26.2768 26.2371 30.6944 25.9698 27.4291 27.5363 24.4921 27.6369 24.48   32.1269 29.8135 31.6925 33.2179 25.1993 35.5329 27.5954 30.5097 29.837  33.1368 33.1588 28.2105 25.1696 35.1348 34.8095 25.2618 25.4017 32.0109 27.9865 32.3866 25.2768
26.2081 32.9091 29.9049 35.2788 25.4861 31.5948 29.7437 31.553  26.6568 29.7341 31.2408 24.6746 26.1794 34.9237 26.7005 34.5638 27.9432 31.0613 35.6225 34.9953 31.8519 32.1427 29.0449 31.6606 29.7657 29.7606 28.389  25.8486 31.7373 30.2145 31.7292 26.5621 31.1648 34.208  28.0783 27.2157 28.0677 34.7103 29.368  25.51   31.1365 30.3544 31.7612 26.6873 25.4035 33.688  28.5028 24.5306 30.7455 35.5454 34.0761 32.684  33.5007 25.1898 25.2779 28.2821 24.7131 27.497  35.7393 24.8674
33.847  34.0879 29.8307 26.5008 26.529  32.5849 25.109  30.4028 27.114  25.3793 28.9766 29.9552 25.0065 24.2152 24.2115 28.812  26.9231 34.1206 34.5124 26.0384 35.769  28.0288 33.6806 31.3514 30.4829 26.8045 31.9393 30.2813 35.9611 29.3486 34.4235 31.9867 29.2454 24.798  30.155  25.6249 35.8193 24.0206 31.4259 26.1479 29.8234 29.5564 33.1126 35.4176 28.1437 25.6084 32.1783 27.3215 28.2781 27.5606 25.0128 35.4701 35.5362 31.9705 26.6047 30.9996 34.0449 26.8379 29.1995 30.0613
25.5757 28.0897 35.8873 32.3715 32.2834 31.7799 31.3348 33.2675 35.4701 29.6254 24.7223 28.8043 35.5792 26.8599 34.8109 33.7989 33.5712 34.7794 27.2943 26.0737 32.059  26.7251 24.2912 34.6262 24.9985 24.668  26.5966 31.4377 34.9688 30.9808 27.3303 30.4076 34.4731 31.4031 28.6215 32.7949 26.8856 24.444  27.1008 30.1215 27.2113 26.4578 24.2391 28.8161 25.7586 31.7175 27.3053 30.7906 35.8807 33.1445 24.7792 30.4935 32.1236 34.8837 34.3626 34.8271 24.3367 30.0246 26.9205 34.1151
32.9132 33.1166 34.2373 26.2415 32.3722 24.4403 31.8684 31.7013 28.7592 33.6678 31.3257 29.3985 31.6003 24.7756 24.6316 24.397  28.1525 34.6593 31.4476 29.942  32.7413 32.6407 28.7026 33.3942 34.0288 26.0149 32.5408 34.6703 25.5996 35.9886 27.6245 25.196  34.4959 31.6143 34.4599 34.1029 32.2735 35.6941 33.8613 25.4424 28.2619 33.005  27.1783 25.8394 25.0381 27.1753 35.6361 25.7032 27.5036 33.0005 28.6259 33.4107 26.2298 25.6341 29.5054 30.1524 26.1376 30.5314 27.7688 24.3489
29.1525 34.5697 33.9597 30.8802 31.0811 26.6117 30.2497 34.5396 24.3955 27.9832 27.4067 35.1389 34.6574 32.2999 32.229  31.3047 26.9785 26.6054 33.3439 33.3979 35.5237 31.5372 26.6124 30.9291 34.1404 27.674  33.0307 30.5982 28.3049 24.1381 26.7872 26.9532 24.3195 26.1659 34.0611 26.3763 31.0583 25.3543 31.4178 34.5227 26.9554 34.0229 24.7249 31.6576 35.4984 34.7096 33.7067 26.5114 25.3308 34.6971 26.1335 32.6036 30.9188 24.3911 32.1563 33.5907 29.382  29.451  25.5214 34.2781
32.1468 24.148  26.4615 34.176  28.0023 35.4213 29.3328 32.4607 34.5675 29.3508 25.2111 32.1306 35.9728 28.6167 26.8617 35.2468 31.3029 26.1706 30.6661 24.6812 29.5513 31.9584 34.3842 26.6429 32.0021 25.0007 25.9867 31.3741 30.9911 24.795  35.6835 25.0778 35.953  32.7262 24.4036 31.1766 35.3794 33.3832 25.7417 28.916  25.922  35.1014 25.8361 32.4618 29.2971 26.7692 34.2917 30.0433 35.7003 34.7731 35.1756 30.1932 35.0485 24.7609 30.5376 34.9707 26.623  24.6301 33.9421 30.7847
32.6388 32.8617 35.346  30.5541 30.6665 25.7803 33.6597 25.4656 24.4142 24.3198 28.1125 30.9243 32.1122 29.6159 34.3442 33.1339 25.8725 26.3212 28.411  31.0976 28.6211 24.2321 27.9825 29.1818 29.6144 30.462  32.9227 30.361  30.2754 27.7504 31.7028 24.5038 32.7086 28.4738 33.4056 32.24   29.9313 27.2418 30.9419 30.3081 26.7729 29.9471 35.7334 35.5189 30.1531 30.2901 29.3184 28.8322 25.658  27.4045 32.3025 32.7861 35.5505 27.8117 27.807  35.8109 34.4753 29.0632 24.0764 28.5282
27.5253 29.7319 27.7394 32.8012 35.6093 29.744  32.4886 24.1498 33.0476 25.7986 33.8352 31.2937 26.8753 32.5871 30.722  30.643  29.7745 35.9251 24.2001 29.2255 32.229  35.6721 34.5814 32.7865 27.5378 26.3414 28.7426 30.7363 34.4096 33.1074 30.2042 34.4239 31.774  26.095  28.8069 30.7363 27.298  35.2123 34.8106 31.8857 29.8487 35.7205 26.5959 35.2604 27.0564 35.0985 28.5006 26.0685 27.0145 27.663  31.8702 29.1749 24.6077 30.9026 31.9525 30.0048 35.74   26.4207 26.0836 35.639
34.3453 33.2514 29.6368 25.3466 28.6417 25.9029 35.306  25.9015 32.8783 24.2776 28.8561 25.4817 26.0667 30.4065 24.5501 34.5352 27.7265 31.6826 24.6342 26.706  25.3664 33.4115 31.4821 30.2482 26.6429 30.1865 26.6763 29.845  30.5053 27.7732 27.1944 34.1929 30.5192 28.6299 34.0783 32.9572 25.1663 32.5944 31.8882 29.996  27.981  26.0248 34.8091 32.8882 28.2634 34.9872 24.8608 29.2358 27.5844 35.292  30.7646 34.3387 30.6279 35.6203 24.4601 24.1083 31.3543 30.2883 28.2241 30.3606
35.7709 34.396  35.2249 46.2393 44.4036 41.0473 37.5561 26.6758 25.0044 17.2235 21.7889 23.8187 28.0992 29.2357 32.1344 43.1505 44.4259 38.6312 32.2653 34.8402 25.9655 23.7696 18.9009 12.8192 20.8196 29.5038 35.8682 39.2315 46.9979 44.0014 37.8552 41.0403 29.2411 25.4182 19.957  11.8583 22.3583 21.6046 31.2824 34.6503 44.6238 38.333  47.4585 40.0818 29.08   27.5489 17.7724 16.1624 22.6897 22.0356 23.0995 24.5427 39.3011 42.2501 36.4959 46.0779 41.5371 32.4859 30.7772 24.5854
28.8411 34.9491 42.3064 35.1881 38.3215 29.9606 28.558  27.0297 14.1518 17.7457 21.4327 32.0057 31.228  35.0438 40.8649 35.6725 36.6971 28.3977 24.3614 25.5593 21.4584 23.9996 33.867  32.3959 43.1704 35.3792 35.4439 31.3646 29.4939 15.915  22.5751 18.7745 23.6087 29.5751 32.7677 39.0122 33.9751 30.6442 27.6479 23.5429 17.0723 23.2724 17.5351 33.1531 33.144  43.3795 38.0439 38.498  34.6423 27.5154 28.0469 22.7719 17.6894 24.643  35.0257 32.2925 41.6378 38.8235 40.2336 28.6438
30.7425 37.9754 43.1891 42.739  39.3712 44.1962 37.6507 28.8875 18.4354 20.9146 13.3554 11.5834 18.0495 28.5362 31.8329 34.7209 42.0029 49.4517 45.422  42.4498 36.5443 26.7467 27.3971 19.4725 13.1377 21.002  17.6963 21.995  31.4431 35.5    38.2189 46.1688 41.2444 37.8473 39.7422 36.6668 19.9717 24.1381 15.0715 13.0632 12.4505 26.7096 26.7751 36.473  37.2131 43.4866 46.5014 47.9382 34.9641 30.769  20.4861 21.7675 16.6897 20.8294 17.9138 26.8031 26.095  30.9324 40.206  48.5869
30.7568 30.4465 35.8128 42.8655 38.2801 43.9991 37.319  28.0925 30.2355 28.6748 15.7433 18.6039 18.7363 16.5419 22.8501 32.1103 36.2311 38.324  44.6487 37.9792 35.8137 40.8654 35.9729 25.282  28.9272 17.8594 18.2777 19.9084 22.4766 26.3122 35.7893 38.1887 33.3    34.4444 43.1842 35.8281 37.225  27.1919 22.5461 27.3743 17.0854 20.8361 25.69   23.2508 30.3844 24.8467 29.9052 41.4951 35.0381 39.2123 35.4702 41.2383 26.802  24.4047 20.5264 26.2182 13.3387 21.5827 20.855  23.967
29.8417 37.657  41.6643 38.1337 46.1419 41.4995 29.7408 33.6235 19.9875 13.6796 12.828  19.8401 17.3603 22.4517 30.1885 32.9343 46.853  46.4827 42.9656 36.7467 36.7744 20.4711 15.7887 12.4713 21.2193 18.5793 23.4753 34.8505 34.8788 38.2861 40.2723 44.0685 35.6235 33.0224 35.322  26.8051 16.7937 22.0056 19.1145 22.1034 23.2371 33.9955 39.5705 37.2169 43.5294 45.0718 32.4193 36.1643 30.3446 16.2215 17.1046 11.7595 20.1056 27.3057 31.8437 29.8439 43.9624 44.9137 38.4624 35.4745
24.0037 35.8809 38.8854 39.6478 39.082  40.1985 29.1954 17.0442 20.4087 9.3816  15.597  17.1616 29.4168 41.178  46.7701 48.7631 43.1989 41.326  32.5536 21.2629 18.8219 15.6749 11.9467 28.1057 30.9185 40.1609 43.7781 46.2128 37.7389 37.9744 22.7584 17.1595 14.568  12.7434 16.1829 25.8339 32.3265 40.2639 41.1807 47.8568 36.6706 38.2492 24.0261 21.1555 22.0908 12.807  23.5331 19.2486 29.1826 42.2556 44.3969 44.3432 41.3229 40.1345 30.4834 20.4561 20.6186 21.0214 15.5366 30.5863
32.7824 35.4013 43.1513 41.1918 33.3502 32.3278 30.7077 20.9117 17.5616 13.7516 16.5663 28.2534 33.5483 39.0958 42.7483 35.1686 36.4193 34.1711 32.6901 24.7323 21.6053 22.7476 22.446  19.9948 32.1531 33.7879 40.9765 42.0481 34.933  30.3235 28.9688 19.613  16.6861 14.4412 17.6487 22.8212 24.6169 36.6319 36.9189 39.286  34.0266 30.4264 29.79   19.7448 23.9866 16.7953 22.7954 28.3563 26.0288 38.497  39.7943 35.695  36.2334 30.2115 31.9464 28.6318 21.2604 17.4355 17.5393 23.3659
29.5406 33.5848 35.8956 38.0802 42.6702 33.6437 31.6486 20.7756 24.8114 13.2187 17.9847 19.1082 26.5453 39.8323 41.5444 42.6346 36.3555 39.1189 27.2185 19.8007 19.9331 23.9433 24.8578 21.0209 30.7559 33.1634 42.1031 42.2453 42.4509 34.2776 33.3231 23.1818 17.8762 16.7051 24.5144 28.5012 27.9923 38.2543 35.2001 39.6505 35.7929 31.1492 29.7761 25.7107 20.9752 18.3334 21.468  19.684  30.6163 39.3569 34.1597 42.4861 37.1547 34.9041 33.2341 31.3235 18.1452 17.7995 19.2096 18.7337
32.07   35.927  46.0664 47.0233 38.0722 37.3594 26.1317 13.0016 11.8143 13.1851 20.6026 32.5702 46.5346 46.8849 48.0136 41.0053 24.4386 22.9657 21.3305 22.1853 18.0982 23.2729 39.1643 38.3771 49.8789 46.526  38.8149 24.2987 15.3701 15.621  22.1259 28.6364 29.853  37.2934 42.2965 47.0608 37.8995 31.8064 21.0852 11.6247 18.9693 19.9275 30.0616 31.4037 41.5582 46.1573 42.0035 36.9515 23.261  15.7532 10.0067 18.6147 27.6506 28.8793 40.8209 46.9311 38.1265 38.3925 29.3815 18.3166
35.2035 37.3285 38.2443 42.1728 33.8241 31.908  25.1495 14.6118 17.7035 21.8239 26.6091 31.1333 36.8255 43.551  39.8234 35.593  26.3809 21.0756 15.3222 20.0376 25.1575 33.7307 40.9874 37.022  38.0681 42.7154 28.3405 20.6781 22.7555 20.4602 14.7227 29.8481 36.8477 37.4034 46.4199 41.7533 30.6525 25.6968 17.4739 21.7989 22.8206 19.4374 25.4278 32.0002 36.4538 36.355  40.7067 28.2642 21.7133 24.8581 15.254  21.7874 31.329  35.5845 42.6682 38.3417 35.3498 28.7492 24.6032 15.9912
31.0256 37.2065 38.9794 41.096  42.32   31.6997 35.1004 24.7022 20.8778 24.1232 22.4419 23.1952 25.1711 29.7732 39.6769 41.7512 35.9021 31.9066 33.7481 29.2289 15.2418 17.7303 19.7818 25.6413 23.3539 39.0119 33.3656 36.77   39.7571 41.1175 31.1922 32.6844 21.402  16.8938 22.064  19.5271 31.4056 30.3655 36.9143 37.7382 43.3153 36.518  36.6348 34.4306 26.156  15.9816 19.2507 25.4982 21.9805 24.5307 34.2705 45.3072 36.9543 39.9395 35.6233 26.6766 19.4241 18.8798 12.3171 20.7148
34.7518 37.8581 33.9115 39.0104 40.3342 35.3339 32.8157 29.2201 22.5748 15.4523 14.7442 23.852  32.8415 37.8022 44.5937 43.9901 41.1524 33.9709 29.8271 30.4667 21.9371 20.3822 18.888  19.9011 31.5657 36.6357 38.4958 44.0208 39.2993 40.6416 26.9174 29.916  22.7786 22.6408 20.3626 25.0666 33.2931 39.6588 40.725  39.3124 42.2019 38.9795 37.3862 28.8823 23.848  23.9066 14.338  23.1383 28.3407 28.2566 39.5542 45.1578 45.5955 31.2422 31.913  20.5122 23.3023 18.7024 20.177  25.4505
32.3175 39.9719 40.6855 36.9174 36.5269 35.9285 36.4151 24.7463 30.8736 25.3094 17.4796 24.0689 25.6087 27.306  28.46   30.5855 41.4506 38.8306 38.5291 37.5073 37.9685 28.8007 28.5452 27.5674 22.6191 24.8834 27.5658 28.4074 33.6677 35.1708 34.0609 45.5823 44.3196 34.1341 31.413  28.7343 30.7444 18.422  23.227  23.6823 20.8873 19.5205 31.514  31.4149 40.7749 36.4495 37.3267 37.2455 30.3454 28.8087 21.1383 23.6666 16.7965 16.2003 16.8775 21.5906 28.4799 28.8281 41.7112 35.3453
30.4656 31.762  46.6635 38.9044 38.9709 38.1865 25.2559 20.7731 23.3157 14.3041 13.9611 18.8206 30.4076 35.1663 43.6501 41.1181 39.4811 34.5424 31.6275 22.0734 14.419  14.5922 17.5726 23.4665 29.3214 40.882  36.2945 47.1997 34.8418 40.5679 32.4865 22.3774 22.4962 14.3913 16.4699 23.9059 27.3175 43.7743 36.3488 38.8555 35.0621 34.5067 26.1874 16.7925 13.5021 15.3371 24.4679 24.7941 34.5562 43.2478 46.1784 37.3244 41.8288 37.71   31.8965 17.0563 15.2779 15.4991 25.1892 27.4536
32.716  34.4624 39.9308 41.2031 36.7692 34.8305 26.4752 18.6752 16.8035 15.0381 13.8694 28.4405 38.3421 45.2852 45.0892 45.1278 45.0149 36.9788 28.1217 19.8534 12.8856 19.289  24.9619 26.4264 30.4139 39.9704 45.2465 43.227  39.4389 32.4509 24.4247 19.2532 19.4648 14.4983 27.1488 30.6762 33.0809 44.4197 44.9099 45.175  35.9552 26.4771 17.2278 14.9977 14.7964 22.3719 31.3013 37.8703 44.5885 42.828  38.9108 37.242  25.7467 22.6635 24.2303 20.8374 17.104  20.6524 24.1314 31.488
25.9852 30.3829 34.8524 34.5155 44.8727 38.9719 38.0508 23.9616 25.4375 23.8909 20.3892 19.5645 18.4486 22.5862 30.0838 42.2632 42.0686 41.4877 35.2049 33.4379 35.1696 23.9026 20.3071 16.8551 17.7336 22.0427 20.3093 31.8121 37.4139 35.0906 41.988  41.3889 37.1855 36.36   29.9237 21.8404 17.2346 20.7388 21.3777 21.6715 25.9828 27.2989 40.8161 34.473  39.2071 42.1319 39.3151 30.5356 25.2671 26.7418 15.2704 18.4936 21.8752 26.1425 30.4536 36.6527 37.347  38.5922 38.9042 36.7101
29.7213 42.3627 36.3361 44.5727 34.6856 27.065  26.059  15.9149 22.3648 18.157  24.339  31.0608 34.792  39.9518 43.4183 39.8327 34.7446 27.605  19.3989 11.5428 19.5986 24.5474 32.6573 35.1199 37.6852 40.6482 41.2162 24.9769 24.8217 16.3684 19.8944 18.5372 32.067  32.8928 47.7122 47.8011 34.7605 29.6624 26.2625 17.0298 13.2058 13.035  28.2252 33.3776 35.0886 45.3628 44.5357 33.1756 32.4687 25.7023 17.382  12.8802 21.2238 28.3215 35.0303 45.8045 47.9082 44.7344 35.7092 23.9391
30.0852 34.4054 42.2759 44.7302 32.5587 29.5027 29.1632 22.4555 23.2076 26.907  21.3557 33.8091 34.5538 37.2629 43.986  35.6464 30.7109 22.4143 18.0548 18.6312 20.4955 34.1067 31.0022 36.3599 41.6821 31.2384 33.9636 21.7661 17.7568 14.3251 24.468  29.5992 34.2757 39.1944 36.198  38.9495 31.9839 29.8793 16.9011 20.9663 25.7188 23.5272 27.7608 36.303  41.5397 43.2173 42.4951 30.0285 22.702  17.3796 16.851  24.0083 29.8584 35.0486 35.2665 42.5152 33.1512 29.791  28.3935 21.5382
27.648  33.5861 42.7934 46.4275 41.1317 33.9477 29.1796 25.3117 19.6424 11.4724 21.7208 22.1861 27.5997 34.3349 37.9275 40.2055 42.1164 40.0931 24.3769 19.7755 12.5162 13.3379 20.628  26.4421 36.3659 39.8148 42.8554 48.3719 36.8583 36.7131 27.5907 17.5332 16.3427 21.4677 13.7189 29.7273 31.8794 36.2559 43.951  41.9473 39.0828 39.8352 29.7303 19.1593 19.269  11.5792 18.7224 29.8883 29.9162 38.6006 44.2021 42.9841 39.9989 30.0995 27.5627 19.7863 13.4556 20.3962 24.237  23.5146
25.8699 39.1949 36.9079 47.0517 47.3839 40.7405 42.4937 30.2818 25.8342 17.65   16.0044 17.895  13.3209 19.0447 27.4401 31.9108 39.2084 43.6215 41.5669 44.8149 44.9214 35.4217 35.4772 23.1904 17.8589 14.6844 23.5036 23.1408 21.7455 30.816  31.3605 37.0151 38.0939 46.6881 47.6813 43.777  39.6516 31.7013 23.7666 22.265  22.6536 22.3271 19.1945 21.1628 29.6024 27.5627 36.2438 38.8592 44.2335 42.3517 42.1601 40.1721 30.0935 21.092  25.1925 13.0963 18.1111 14.7535 27.3859 27.0259
31.3987 24.9653 28.7758 28.0515 29.2066 27.7721 37.1089 28.8364 30.3375 32.244  37.5035 26.5441 36.0212 28.4489 36.3764 29.9429 38.1711 28.0999 30.2058 32.966  38.7074 32.1641 38.023  39.0665 32.1428 36.4759 31.9306 30.5072 33.0331 35.117  30.748  37.887  31.35   35.4752 38.285  38.033  41.6004 32.7202 43.2126 40.1186 44.5204 41.8285 38.7962 40.0053 35.3026 38.6383 38.795  46.2453 37.346  40.4335 35.7605 38.2306 42.7972 45.1616 46.5    47.8927 39.6977 47.7654 46.5461 44.9522
33.8521 29.3957 31.5708 31.1028 25.3776 31.4809 36.1373 32.8189 37.5624 31.6066 35.3645 34.9452 38.5599 36.8803 38.5829 31.8456 32.358  31.984  35.6291 35.851  30.4303 35.6409 33.5137 34.9342 35.8212 35.5492 36.5261 35.8597 35.5282 42.8287 40.8326 39.7685 39.1554 43.7347 36.4371 43.822  39.3814 41.5543 39.4323 36.2012 40.5088 38.638  39.1037 41.9803 42.6664 43.1847 39.2537 42.7773 43.7083 46.995  42.2052 44.2995 42.6413 46.78   46.5499 42.4782 46.4594 43.2089 51.5067 41.9907
30.2515 28.6556 36.289  26.3907 35.7298 35.9366 36.1815 27.9742 28.5137 33.1142 29.3176 32.0442 32.9692 28.5075 29.2677 32.7244 28.3996 36.7392 32.2871 35.1907 35.4984 37.4741 40.326  36.2792 37.6541 32.5134 41.6646 35.9484 38.3093 43.6869 36.7905 33.3523 44.1691 44.3983 34.6876 39.4783 34.8033 40.2907 34.9513 36.0383 45.3628 39.1979 41.2338 44.9372 37.8962 41.6066 37.2036 45.4698 36.9451 44.4959 42.7153 47.9713 48.4778 45.3876 49.0176 49.043  45.3036 39.4619 46.9561 44.7084
35.4319 30.6099 26.0883 25.674  29.1478 35.0537 31.8181 36.4696 30.9723 30.3527 34.8603 39.2753 39.1151 40.4708 33.8821 36.9924 42.1518 41.663  39.5367 41.0283 38.2065 44.8035 45.5761 45.1501 42.6915 43.5896 41.3492 43.6428 47.3762 48.5968 43.5016 39.9949 43.9638 48.1265 46.4773 46.4871 50.8937 43.6249 50.1272 44.9824 51.9837 48.744  51.9964 53.6838 50.3512 55.4301 54.3016 53.5631 49.9712 48.6374 57.3912 51.5953 60.0089 61.0191 53.6074 58.5608 54.6142 60.3993 53.511  53.9953
31.2383 27.9815 27.3265 34.0107 28.4496 33.1527 29.8152 32.0028 32.7252 30.3241 30.6407 34.1364 32.0059 29.5904 35.6453 40.8474 37.2825 39.3034 34.1874 34.8056 37.7306 33.7034 43.5982 41.5801 42.8284 44.6675 46.0205 43.8664 46.3765 42.5259 40.6205 42.9496 42.1524 47.0347 43.0839 49.6873 46.4486 49.2271 50.8227 45.9976 52.6704 52.8663 46.4665 48.0867 53.7328 44.8517 46.031  47.6777 45.401  46.873  47.7445 46.7068 50.0508 57.6604 56.3863 58.0125 49.9253 50.1608 51.1472 58.8556
34.3446 30.8316 31.7282 33.2087 28.9381 37.8676 31.4129 34.4926 34.8031 37.4833 28.704  37.5792 36.73   40.365  42.2197 33.1297 37.5013 35.6559 33.8402 40.725  40.0958 39.8317 40.35   34.3198 44.2052 42.4706 36.8043 46.8042 46.9128 47.8417 41.8952 41.9192 43.392  44.2236 43.0351 50.2648 41.5461 51.7451 46.8709 49.3458 50.3445 44.561  49.5355 48.2993 43.7445 54.5763 51.8638 49.7764 52.4852 47.9833 58.2694 48.7905 48.7111 50.2804 52.1461 53.8708 52.4796 50.8666 54.961  61.707
27.0362 31.8087 33.7103 31.5795 31.8397 28.5    29.6826 34.84   27.4564 35.8762 37.0827 39.2002 29.8161 29.3745 29.8381 31.0861 36.1436 33.4946 36.3367 34.8118 36.1365 41.6405 38.465  43.9474 32.8479 39.2058 42.2322 39.5784 43.5699 38.5293 40.5917 43.1789 44.991  40.3601 40.3059 37.5226 37.49   47.0467 41.9242 40.2884 48.4371 42.1013 48.4543 43.4423 44.8052 49.3108 51.9711 42.8951 44.2521 41.6542 49.6671 52.0086 46.0154 53.8575 50.6243 46.6934 46.7181 52.2497 52.6182 48.5283
24.9629 25.8042 35.4317 30.5089 30.8281 31.3033 28.9987 26.2957 37.861  30.8825 32.9114 33.2148 29.7634 31.9595 35.0306 39.2985 37.1798 36.5934 29.9821 40.2048 32.248  40.454  35.7918 32.9316 33.1925 39.4272 39.4743 42.1764 38.7841 41.2251 35.9001 35.3182 32.2017 37.2572 41.4936 33.2426 35.1166 40.4223 42.524  44.3638 42.4143 35.7788 36.2996 44.8221 46.9924 46.0238 40.8002 41.3438 45.2243 38.4021 38.5252 42.6518 39.9947 43.4411 42.9535 48.1042 40.1929 43.6691 48.8327 47.918
31.9602 25.7506 30.7712 26.7175 25.6023 36.0902 35.6161 29.976  29.4513 33.2844 35.3669 38.0881 36.8697 28.9326 38.2175 35.8776 35.0811 37.7266 40.9207 36.9452 37.8868 40.9712 37.4514 35.1178 34.268  33.9839 40.7591 36.9617 42.7715 44.9389 33.7534 41.858  34.4006 42.8055 36.4193 46.7352 46.2718 43.1024 36.7308 38.2269 44.202  40.3242 44.4635 49.3417 49.0072 39.6666 39.6413 50.8915 48.5847 45.5287 50.6493 43.5572 42.0975 50.7904 49.5213 48.6349 51.1868 52.8154 43.8219 50.4877
24.8314 35.3207 30.5598 35.0209 31.3689 34.8789 28.222  30.446  33.8693 37.1538 34.2594 34.2694 34.3202 38.1863 36.4906 40.9002 37.5142 41.4894 36.8867 36.9827 39.6697 39.5416 36.3939 42.409  39.2605 36.9512 39.1502 45.0313 41.8527 43.4649 38.8585 49.0556 48.7964 43.2169 40.349  41.9502 49.7004 48.8911 42.9907 51.7229 44.6368 42.6267 51.0188 51.2693 43.8083 44.7036 49.4735 50.1026 46.5557 51.6759 46.9124 57.9724 55.7373 48.8883 51.3991 56.1264 57.1598 55.6344 56.853  57.8019
34.6615 34.9492 28.4088 31.4279 36.404  34.2489 38.0238 31.8767 39.1526 33.4014 38.3348 32.6886 29.0735 40.4484 39.4207 39.4033 32.6319 33.2505 38.2078 35.0671 40.8345 43.8701 37.5776 44.7419 39.8195 44.2385 35.8884 36.0862 39.8709 41.1134 38.4197 42.9488 37.0525 48.2823 39.9848 38.5466 40.2026 43.1853 42.2513 41.4315 49.3478 45.2083 42.9791 53.0173 46.0803 49.7901 48.6905 45.1426 50.4242 51.8609 47.9711 53.6992 52.0322 49.1879 57.0922 55.3113 50.7422 54.5795 54.8136 56.1233
33.8059 34.7596 33.8189 31.3703 35.8644 33.6325 29.4165 37.2174 27.6463 35.8945 28.3552 30.4921 35.0868 38.1755 28.0147 27.1686 28.0376 35.4859 34.8621 39.3668 38.0177 36.4707 32.2268 35.1551 39.654  29.5228 35.3367 33.6498 39.9021 35.4978 30.9373 40.9889 30.9786 39.8426 38.0169 32.1054 34.5056 36.1453 38.8235 32.8332 37.1936 34.0818 40.7657 37.994  33.5275 35.1382 42.446  36.5786 35.9507 45.6795 44.0925 36.1107 39.3849 46.5171 44.0997 44.4446 41.2366 36.67   41.6091 45.4775
26.1416 26.6056 29.7337 29.1871 28.524  32.1387 27.4205 33.4699 28.0304 36.1894 37.6978 30.073  37.383  35.6158 31.1017 37.5476 35.9743 41.2459 37.8808 35.6604 35.4171 39.1658 43.0266 41.1455 40.2959 37.7648 45.1828 40.78   39.8738 45.9937 45.1658 39.3584 40.1499 38.8574 48.7053 40.9454 43.3898 44.3939 41.6612 40.4922 44.6977 47.1674 46.3953 48.7574 49.0084 47.0924 49.0936 47.1188 45.7066 52.8474 51.1066 51.648  52.5541 47.863  46.1427 50.6722 57.8287 57.1102 56.0517 55.3586
32.3432 36.3071 35.1247 36.4052 26.1914 35.4425 29.1227 31.9731 27.6488 32.0922 36.1119 37.0215 33.1691 35.2322 40.1699 36.2194 31.36   40.6177 30.9077 39.8448 36.0001 35.5235 38.8957 33.1638 34.845  39.5062 38.9345 33.4707 36.6057 43.1974 38.9248 35.5659 43.492  38.0216 40.344  41.5797 47.4729 46.9747 43.6826 40.1522 46.1108 48.5374 49.5793 46.6475 43.7568 40.7776 48.5116 45.3375 46.0003 41.4594 46.0434 53.5436 49.2516 42.5785 44.2902 52.3988 45.3927 52.0673 50.6687 52.3506
25.0866 33.6042 27.7344 36.812  26.7692 29.2883 31.4316 33.5368 31.8486 27.342  31.3251 29.1236 37.752  31.0719 36.7494 28.0564 35.8491 33.8484 38.8098 29.0564 35.6494 32.2492 38.6362 38.094  33.2749 37.9128 31.3777 33.6757 38.9015 32.821  39.5781 36.6843 43.2105 35.3478 42.882  33.9724 37.5428 41.299  42.1035 40.3543 40.0002 43.3793 44.4449 36.157  37.6192 37.7106 39.4305 40.9199 37.5259 40.3373 41.1443 48.3568 40.9312 46.4104 49.7314 47.0844 48.6435 39.2195 43.8585 44.7519
30.098  25.3814 24.496  36.5562 27.488  32.3672 36.3834 37.4931 36.3818 36.7034 30.205  34.1713 29.2314 30.1079 32.833  30.143  37.6901 37.3713 37.824  39.5028 29.1619 36.9663 40.5268 37.2178 33.251  34.4477 35.9889 33.1025 41.6733 33.3105 35.6813 41.184  41.4957 39.0569 32.7388 35.0849 42.1943 33.6754 43.9274 34.1964 35.2389 44.2449 37.701  38.2374 35.4861 38.3034 45.033  39.2066 46.8282 46.4613 45.7793 44.9218 41.2113 40.3333 47.5935 42.3216 46.1667 38.4624 46.4159 39.2915
25.4755 28.618  30.6357 31.7309 32.6194 30.4798 37.9551 34.1946 37.9452 29.9011 36.0459 30.1416 31.9371 39.0302 31.6419 32.2799 40.19   36.601  36.3015 36.3028 38.662  43.1816 40.7122 39.3214 38.2596 37.3858 44.9489 34.8175 35.2972 45.834  36.7713 43.1592 47.8099 47.7542 44.6834 38.1621 42.5564 39.0434 49.5285 45.3365 44.8931 41.0779 49.8182 43.6792 43.8274 50.1309 52.5302 42.9092 44.5927 49.6146 43.9101 52.2392 49.5204 44.9036 48.9432 47.8582 54.8202 50.4295 57.2677 52.3038
33.3222 29.5011 25.4313 36.3573 29.6994 35.817  32.9363 36.3042 37.8753 33.5941 33.9937 30.3275 34.7108 34.2747 29.8171 34.5089 39.136  38.2577 34.1652 40.928  41.0262 39.1869 37.9073 35.2212 34.2669 40.5836 32.8369 40.9529 41.5663 37.0552 33.4452 37.7616 36.6362 38.6821 41.3666 39.4326 36.362  42.6861 35.6102 34.4654 39.9532 43.009  41.5942 39.1876 39.5597 42.0786 37.1896 38.1805 44.0763 47.0829 37.5952 38.0055 39.7954 39.1023 45.0495 45.0886 46.2197 41.8202 48.7685 49.3679
31.4318 30.3095 28.1229 36.9115 36.1714 34.0891 29.1051 30.8835 38.2516 35.4753 31.1552 31.3416 29.7808 36.1498 29.0212 36.6111 37.9999 38.1595 36.0045 38.7071 33.2127 32.8299 40.5084 34.8711 34.0653 35.3912 42.0429 41.3847 37.5244 43.8566 37.7133 39.3462 44.6718 35.3403 40.7883 40.8014 38.2953 46.818  38.4677 36.446  39.0032 44.3924 42.6499 37.3629 47.7029 49.2231 44.5479 44.2041 49.3061 43.6927 38.9958 47.9871 41.9282 41.7305 49.6172 52.3466 49.8546 51.4283 43.9403 52.9418
28.5737 31.9801 35.536  30.7435 29.2166 27.1335 34.9329 37.0676 30.8984 33.715  31.9925 28.642  28.1787 35.8786 32.3787 35.8828 34.2594 35.6442 31.4932 38.1146 40.1006 38.6828 34.5627 31.155  41.8052 39.8395 41.4069 32.402  38.8886 35.8485 33.8597 41.8581 44.4166 38.5441 33.9088 43.6956 33.6809 43.8169 41.9056 42.7194 40.8735 37.9112 43.2337 39.8462 41.6295 44.4557 37.1892 37.2161 47.4895 41.1267 47.8348 49.2523 38.1268 38.1232 46.5083 41.8289 49.0871 51.0918 46.5791 40.5788
34.7577 27.2329 29.6962 25.8851 26.5402 31.134  25.0374 20.5822 27.2156 21.9477 20.7447 28.9633 19.5801 21.0691 25.2373 18.5355 20.5305 21.009  21.6225 19.681  17.8698 20.0569 15.6248 19.4585 19.6619 20.1131 13.5119 17.3118 14.9623 13.6421 20.6236 18.942  11.7507 15.7699 12.7612 15.3504 11.0575 11.0493 7.15418 12.1079 10.9136 15.3121 4.75046 11.4514 7.40863 1.79781 2.75766 12.27   2.26104 0.280929        5.60738 2.77789 8.24829 -1.94763        4.64022 -1.09838        1.73428 -0.389051       -0.918282       -5.11493
32.7024 35.2191 30.1425 24.2753 28.1559 26.2811 26.8872 29.7385 28.5879 32.1145 28.9522 31.6537 23.86   24.5025 26.1398 26.2832 25.8974 31.7192 24.259  31.1534 27.6731 28.4345 27.9522 23.7635 20.1253 24.8483 27.4951 24.8084 20.7537 24.5176 18.5226 22.4553 25.5328 19.7155 17.4518 17.8218 18.3754 18.6841 17.3308 20.561  21.9886 20.9224 15.342  21.9966 23.5325 19.1055 20.5897 15.386  23.6402 15.9688 16.9737 18.5537 18.1522 14.4306 18.4038 12.0342 16.7271 17.4144 10.6611 12.7071
33.9818 27.2921 23.285  31.68   27.7519 28.281  22.6567 32.0964 23.9497 29.7642 26.1655 24.6749 25.8071 20.0795 20.5547 19.4376 26.3171 17.2431 26.9638 22.2086 22.8913 14.4566 19.2371 16.465  19.1574 12.3113 15.3255 15.5311 20.2965 10.2174 14.2532 12.5136 10.2589 16.0944 10.6695 10.3584 13.5169 7.01341 12.1457 7.55469 13.1034 8.12204 14.4775 13.5727 8.08824 5.95543 4.55301 5.66201 6.30391 7.85468 6.20659 9.38928 6.85216 -0.304955       9.99592 -2.05036        8.85716 5.35315 6.88335 -2.805
32.7365 34.6519 33.9412 28.3763 31.9747 22.7053 24.9317 23.7198 30.3256 25.7845 27.3811 27.5357 19.4807 18.6926 20.5734 23.8835 22.8247 22.6344 21.7956 25.0422 21.6707 21.1716 15.0793 16.0579 14.8218 17.689  20.97   17.6723 11.7872 15.1355 14.4091 15.3131 18.6867 17.6959 17.4916 13.2318 9.70352 15.6554 14.0072 9.60566 15.3195 4.98005 12.5403 7.28974 7.32567 2.87491 1.29287 12.4691 0.641311        2.54455 1.08002 3.53005 3.80137 8.91888 7.78926 2.8971  -2.51614        2.29438 6.69141 5.52763
35.0122 34.2871 26.4959 28.2444 27.2509 32.2709 28.2636 29.2112 30.84   27.9931 21.547  29.6183 28.7845 29.9032 18.347  19.7929 25.2672 21.7475 24.3986 21.3586 25.4363 24.7024 16.7196 23.7391 16.8183 22.2819 19.9793 21.2768 21.9152 20.6392 17.3451 17.469  20.816  17.5159 15.0572 13.2495 17.9427 8.0665  8.41074 14.2791 15.6581 17.4044 11.9675 14.0101 12.4367 11.3352 9.98182 11.5551 4.90826 12.0552 1.88855 9.08363 3.1833  5.54762 10.8725 -0.341912       2.67715 3.55312 1.74031 -1.47968
29.8248 29.4065 30.905  25.5251 33.8473 28.7473 32.4017 21.9076 24.1203 21.5152 28.9913 21.5275 30.4824 22.8566 28.262  29.0543 22.8082 21.0832 16.4936 21.422  16.2944 18.2971 18.7847 15.6338 13.9449 17.9243 17.6249 19.7382 22.7834 19.6983 17.579  14.7572 13.3087 16.4542 20.3129 13.0686 10.5817 17.1728 17.1261 16.1239 5.97417 6.40702 15.9175 13.2782 10.3235 8.92536 5.18586 13.0707 9.72118 13.2721 4.3559  8.06765 12.3258 7.31648 6.76921 9.01282 7.58203 -0.182931       0.727669        1.25526
33.7603 28.0251 27.9612 23.7675 28.7756 29.6775 26.8554 28.2685 22.4859 31.5602 22.9522 26.7977 30.9502 29.1207 25.3802 23.6087 24.7045 22.4857 27.8181 25.4036 26.4462 25.7293 24.3133 19.4466 27.7824 29.3475 21.081  23.9031 26.2349 23.1091 23.6027 19.748  20.4339 24.0073 20.4589 24.8405 24.0458 23.9507 15.411  23.25   20.5921 18.5151 20.8686 22.4542 15.9654 19.3589 16.1285 23.699  14.5413 19.0952 24.1797 21.7127 15.5258 15.7883 21.6701 11.5866 11.8634 17.7309 16.3222 10.7228
26.4975 31.3143 28.5503 31.1094 34.2562 32.8993 32.8097 30.7952 25.1867 21.5465 28.8747 29.5075 29.9048 25.3447 23.9074 26.2808 19.8222 25.9742 30.1459 22.3175 28.001  24.8205 24.497  17.3583 17.1494 25.3483 26.9839 22.5292 23.087  19.3554 23.1594 23.8546 25.043  22.6021 15.1497 17.1482 22.9859 18.8073 22.7072 12.3726 14.0111 13.9414 18.1042 19.8838 11.0562 11.6662 13.3459 12.9071 12.5667 15.593  18.8025 11.0336 18.2495 13.609  7.50362 14.3552 11.5728 13.8364 13.3278 5.21633
27.2785 27.2675 25.767  30.55   26.3835 33.4888 23.1674 22.752  27.1656 22.7127 25.1088 26.7477 29.5044 26.1869 19.6636 19.3808 20.9675 20.063  27.1739 27.0611 27.0354 28.917  25.832  25.6267 21.9361 21.726  18.5811 17.9102 16.3326 23.3351 19.0988 17.129  18.4058 16.1166 17.4014 19.207  16.111  18.7729 15.7    17.0488 14.078  13.2367 14.5454 19.5359 20.2398 10.3568 15.8273 19.9706 15.6576 9.56392 18.9331 9.10485 19.2225 10.8289 16.4595 13.5713 15.978  14.6104 13.9215 14.1991
29.5065 24.4107 25.1463 24.2563 29.3582 23.4112 23.0838 24.4841 24.5636 30.6761 31.6794 23.6342 23.9446 30.4853 23.7399 31.5416 26.7205 29.2515 21.9583 28.8038 23.2795 24.6302 24.634  28.6846 27.5595 24.1915 23.3514 19.5615 22.5894 23.7881 21.25   25.9369 19.6161 18.1936 14.6512 14.6432 16.1023 14.2972 15.1364 16.6322 16.9203 23.1756 14.675  22.5097 12.3265 13.3607 19.0299 22.2084 16.8761 18.2081 15.9421 11.6877 14.7295 18.7073 15.351  12.1593 11.7764 11.2275 16.1216 8.96022
31.2754 24.3056 34.0683 25.4472 27.4222 26.7591 31.4696 25.6416 28.7843 30.4762 27.3744 32.8406 21.512  23.3321 20.6309 24.702  23.6842 19.7228 20.8668 24.4763 19.7264 18.1501 26.8217 23.118  21.1069 25.2041 22.0957 17.6109 19.0399 18.4565 21.7781 16.9827 22.1023 15.6151 16.914  17.8799 16.6925 14.1514 18.737  17.7732 19.1724 16.8796 13.5219 19.5345 21.519  16.0061 17.958  11.2215 11.3615 18.7534 9.79589 19.2119 12.6303 11.1513 19.9305 13.9545 14.8293 15.2943 16.2775 19.1798
32.2096 33.9926 30.647  30.9754 33.632  30.5443 25.3864 22.7955 27.5945 24.6719 26.9767 27.2901 28.6277 29.6414 23.5934 26.0943 18.6928 24.1568 22.5838 16.3747 14.8516 21.6001 24.7496 23.2977 21.3288 16.7986 17.0826 21.0528 15.2549 12.2563 15.9085 15.4992 13.0897 18.9297 17.9281 18.0678 18.0551 16.8878 11.4469 7.56077 15.9126 11.6012 13.5745 6.56842 11.9399 2.73129 8.9268  8.15836 11.7121 1.17232 8.30608 -0.117786       10.7466 7.47699 6.62886 1.25219 3.90881 3.18627 -1.59294        0.744567
26.1247 33.7424 24.7431 32.7798 25.6603 23.2999 23.6176 27.8573 24.6248 30.7659 24.3433 31.5233 26.4712 31.2621 30.7969 21.8115 25.8202 32.142  29.2186 21.1113 30.2247 21.2364 30.6707 30.4615 24.1417 28.305  26.5608 20.0861 28.9113 18.8051 26.0699 23.1771 21.4645 18.9396 25.4494 24.946  21.9889 22.6317 17.8575 18.8495 17.0051 19.2302 26.0642 18.2775 16.057  17.4775 14.0026 22.5751 16.7658 19.487  20.4841 14.4901 20.0132 12.7963 22.1036 11.978  14.408  18.4699 13.0396 22.8257
33.9476 28.6465 28.6307 24.1025 28.6238 27.0976 29.6932 22.4303 23.5246 32.1073 25.8565 26.0993 21.8227 30.7098 24.249  30.8167 27.2363 21.1805 19.8013 28.3645 20.3812 19.303  26.0885 17.8592 22.7642 18.3083 28.5453 21.2634 27.681  23.2024 27.3876 22.306  16.4992 21.4736 18.7011 18.7056 20.0893 22.9158 20.8645 22.6173 22.719  18.5386 18.8342 18.7083 17.1377 15.3623 17.6883 15.6039 20.2019 21.1325 17.7934 19.6144 20.8373 15.4242 18.7589 18.355  18.6462 9.79881 8.94064 19.7619
31.1376 24.7448 28.6682 24.8212 22.9991 30.4754 25.1584 21.7782 23.1373 22.2747 29.621  27.4721 21.3204 25.7653 22.5151 18.7878 25.252  28.279  28.5729 27.5304 24.6246 15.9972 24.9298 20.4417 21.6605 16.1927 14.4528 17.6462 20.2241 23.1094 14.9542 18.2162 15.9836 16.9387 21.8254 17.5109 12.0791 14.5883 19.6714 9.87548 18.5478 12.7457 16.2494 8.66085 11.8186 14.6308 17.8635 13.2443 17.1012 12.9645 15.7822 15.1848 13.2165 12.2548 11.1286 9.2859  3.18458 11.0607 3.41232 5.43794
29.4055 24.3264 33.5648 28.0234 28.5793 22.8407 31.4155 24.7897 22.6877 27.8992 26.9392 26.6347 25.6945 22.9756 23.7026 22.5101 29.6712 28.7355 23.2183 27.9329 30.1872 22.3551 27.828  23.6835 19.1946 26.5488 27.8226 26.0426 28.5165 22.729  22.7973 18.2025 24.2575 22.598  24.9871 19.9862 24.0409 24.7849 22.3876 25.51   20.7985 22.3693 17.8565 25.7601 24.8453 16.5376 13.7158 14.174  24.5703 21.7077 21.9493 23.7401 21.0359 17.3739 17.6371 21.5127 21.0558 12.5057 11.9985 21.9009
30.3437 27.5045 27.6812 30.4553 24.6478 28.7398 33.1153 23.427  21.7956 30.9214 21.1858 22.1884 25.0326 26.0609 28.6734 28.369  24.4704 28.7386 27.0018 28.0525 17.8439 27.3788 27.8012 25.5583 24.987  26.5504 23.6938 18.0178 15.1925 25.7381 23.3975 23.9378 21.5711 14.6873 13.0533 20.2222 12.6165 11.2593 18.6379 21.1704 11.6903 17.3371 17.1382 9.52765 10.5604 14.9921 15.7427 13.2759 11.2816 10.8024 10.6332 14.1697 7.2796  9.88034 12.2622 5.77023 9.29709 11.7296 5.1297  7.31988
29.4036 34.9917 32.7926 24.6805 30.2164 30.135  28.1863 30.7717 26.1793 26.2206 19.8351 19.6399 24.1877 28.539  28.256  19.1186 27.5648 25.3612 15.6888 18.3806 25.9763 25.7234 14.9163 22.184  14.6973 21.1752 16.8884 22.5051 21.0456 22.2931 19.1168 17.2963 13.5217 13.8994 17.1284 7.54818 8.3841  15.874  16.0611 6.12791 8.53994 9.27891 13.1356 13.6461 5.25602 10.9403 4.03417 6.84536 2.45611 8.08277 12.0496 3.07011 5.31799 0.0562239       0.499951        5.64776 5.13304 3.14431 4.20753 2.03519
30.8171 28.0794 24.6279 23.9332 28.6604 25.7043 27.5007 23.5134 30.3771 27.5951 22.9376 26.6836 25.2081 26.8342 22.931  17.7319 17.5442 24.1674 25.6018 19.2691 14.9781 17.2233 18.9624 22.2813 17.0349 23.7888 14.8775 18.113  10.9805 11.661  14.331  19.9421 11.1751 10.7139 15.6747 15.4683 16.0096 14.9722 15.1011 15.1312 15.1543 10.4921 14.7537 5.22246 5.39285 13.6057 11.7748 6.30722 3.36983 10.1068 7.77903 10.2085 1.49295 4.82216 0.0189295       8.01917 -0.278892       -0.0486482      5.75672 2.71798
27.9193 27.0722 29.1562 29.6406 25.4011 27.7293 33.3794 31.5525 22.5289 22.002  28.3321 22.081  27.3716 23.1747 24.1321 19.5037 25.7138 30.2552 28.3204 29.6174 29.2198 23.3708 25.0809 19.3355 23.7811 17.9405 18.7848 22.2014 15.4729 18.5668 17.3943 15.2046 16.5523 20.4229 17.7686 18.5123 12.4932 19.4073 12.8058 21.4043 17.2232 22.4157 22.2946 17.5641 16.8903 18.9993 10.9829 17.7343 17.6279 14.0571 8.59875 10.0365 9.67112 10.6336 18.5627 12.7214 15.1715 6.37333 6.06895 9.15327
35.1132 27.1904 32.3818 35.2564 28.9799 30.1395 33.341  28.367  33.5965 28.3666 26.4251 25.864  25.9907 26.2331 29.7679 30.1098 27.3303 25.8835 26.5055 32.7351 29.0269 27.8246 24.7139 34.8752 29.7947 35.5663 32.9517 41.1319 44.4593 37.9397 43.838  34.8279 42.4491 39.8268 34.743  35.7742 36.0166 40.9744 40.1797 45.3021 37.2016 35.3739 41.9886 39.9425 43.4215 39.1702 44.7604 33.3542 33.6818 37.3492 44.752  44.7395 40.7702 39.4049 44.8878 37.2934 36.5857 33.7802 36.5053 40.6512
27.6843 31.0146 27.164  35.1447 31.5214 30.8292 33.7203 33.9729 26.4776 27.1004 30.5321 34.7907 25.3767 28.8153 34.7823 28.1004 32.8382 27.5492 25.3558 29.8946 28.6226 30.8883 24.5776 24.4656 32.4101 32.0432 34.4437 30.8575 26.2749 33.3505 27.7838 39.3342 45.2732 41.5103 43.0416 36.691  39.7837 39.7892 37.4628 40.9294 42.3076 41.2335 46.4326 45.5817 44.1477 41.9304 45.3603 34.8615 42.4684 38.5245 37.7856 35.7814 41.8779 43.0237 36.5264 37.8367 44.1903 36.8088 46.7304 39.3408
32.4325 27.1724 29.1414 28.9857 28.9979 34.0802 34.3284 32.9216 28.0045 25.3224 33.7019 25.0899 26.9815 34.2858 35.6864 33.4992 28.7235 26.763  33.862  25.5012 28.1966 31.9885 24.4781 31.2239 28.7948 29.1862 45.1232 37.6268 39.3281 38.8613 37.0814 37.8082 37.7814 36.3782 36.127  34.8866 36.5692 43.6484 34.1771 45.2892 39.9505 37.6796 40.6156 45.1727 40.3559 43.8419 37.528  40.0346 39.6755 43.4251 41.9442 41.9431 34.8502 36.4256 39.3097 35.9761 35.8197 43.3455 39.7574 35.5248
30.2372 26.8089 25.4501 35.0265 35.9736 28.1885 24.6999 30.1447 26.8247 33.974  26.5683 31.9419 32.6205 27.2334 26.6275 32.8636 24.2317 28.1176 27.7438 32.8933 30.1039 28.551  32.9539 32.352  27.0006 26.684  40.8199 45.1325 37.9809 45.1252 39.4241 48.8099 39.6874 40.3572 45.2732 42.7401 41.0681 45.9228 37.5487 45.0345 42.6035 46.3565 38.5428 43.0893 45.6338 44.7649 47.6348 42.7438 38.758  38.9529 42.2278 48.927  45.362  42.7864 47.5213 44.3544 44.6371 41.8709 42.3582 38.849
32.0656 24.564  30.0195 29.2149 25.5262 35.4326 25.474  25.4399 33.1735 34.8286 34.6574 29.3827 30.7657 26.9745 27.7985 31.2566 26.0935 35.1554 29.7143 27.5675 27.3428 35.6908 30.6055 31.5265 25.3918 30.5923 34.3134 32.0638 34.0427 30.657  26.3153 25.1582 33.6369 27.5811 34.8172 30.6199 43.7839 40.953  44.385  38.7846 42.8783 46.5267 48.3521 45.5014 37.6869 45.4525 40.91   40.9952 43.4508 39.4143 49.2573 45.4658 49.1673 38.9843 42.813  44.9707 46.7022 43.9624 41.8292 46.1418
34.8051 27.8044 28.9207 34.0835 32.1853 30.1462 26.5312 26.9892 25.1134 24.9548 34.5814 32.9546 26.601  30.2398 26.4512 31.5618 31.7237 24.6581 24.1076 28.9505 48.4057 50.3733 50.9208 45.6215 55.4924 52.8374 55.5783 46.667  46.3412 53.4238 52.5608 52.3695 48.611  44.7229 47.9838 50.6186 49.8504 47.9926 44.4001 45.3486 45.5928 48.6033 55.4828 44.0755 54.1917 55.3076 50.0421 52.8785 49.1424 46.0732 55.8739 49.1277 54.4373 50.5275 46.2884 52.6626 52.8689 47.5138 44.3847 49.1167
32.8786 33.1974 28.414  29.2795 27.7177 33.2414 32.4101 35.1984 33.8183 35.5182 24.3147 26.2676 30.6511 30.387  24.1219 35.4587 31.5038 32.4457 35.2388 25.272  32.1714 25.3815 30.9309 32.1798 24.35   25.5838 29.7246 32.1725 27.475  30.238  36.0235 30.1627 26.5793 45.8353 40.3619 42.7209 49.6889 40.9803 42.0081 49.6764 49.6628 49.6309 41.7852 47.4477 46.7331 45.9286 45.9227 44.8735 46.1155 45.3733 40.8297 50.1813 42.5487 47.6082 45.9135 40.3861 41.3949 40.8062 41.7625 39.8614
35.9695 24.4447 29.3614 29.2175 34.4507 32.9682 35.252  27.7412 31.5882 35.8142 30.5215 34.6732 32.1262 31.7039 34.2866 25.0308 31.9554 35.4874 24.5189 27.421  36.5746 42.0517 35.5325 43.3987 42.8585 41.4307 42.983  40.0283 33.1819 42.42   37.3921 36.1178 36.2001 43.1725 42.6833 43.1214 38.6127 38.4467 35.5262 37.6164 35.9599 43.2044 44.5106 44.3233 37.7519 36.6055 42.9011 44.204  43.857  40.3662 39.963  44.9344 39.1518 34.0349 35.809  43.3836 35.3834 41.4822 40.198  36.9095
32.8617 35.7793 31.8504 25.3539 32.9183 35.7459 35.6089 27.0046 25.7806 26.1369 29.5799 28.0376 29.5869 30.5016 28.1029 25.2779 24.585  33.482  30.3492 35.5762 31.4391 30.1781 30.1542 25.7054 34.255  35.9633 40.6107 44.1867 49.4177 49.4831 45.7415 50.7235 50.9993 45.1124 46.3826 48.0711 43.2102 49.182  51.0085 46.7003 49.4056 49.9421 46.2714 45.9291 43.3869 48.2731 52.0991 44.6185 51.1848 48.6502 42.0061 47.0969 50.5616 43.2686 52.3837 43.6303 43.1328 43.8558 40.4403 47.0411
31.6995 31.7017 33.4405 32.196  26.4747 34.5348 35.758  27.7871 35.3831 34.8884 31.4138 33.3931 32.5008 26.7582 31.0495 33.1944 35.0217 31.3047 35.7227 28.9354 28.9766 26.3994 33.19   34.5315 46.2239 44.6408 38.8571 41.5496 41.7412 45.2603 37.9963 45.2978 38.5872 43.8252 46.9095 40.8585 45.0991 44.9177 41.2789 42.6461 43.2351 45.1127 41.5855 36.8187 46.0432 36.5528 43.7231 40.5151 41.782  37.7117 36.5062 44.831  46.1718 40.424  41.7581 46.4655 45.058  45.0213 46.5041 42.0677
25.535  29.2788 26.5951 24.8351 30.0958 24.5192 34.3383 32.7064 35.1334 26.886  25.495  32.7123 29.4437 27.9028 25.4079 27.3061 28.9402 24.325  24.6368 24.1072 30.7484 31.0102 26.0902 34.3971 31.2511 34.3027 40.006  39.6839 35.7958 34.7533 43.4938 43.8126 43.6767 34.9424 42.4282 40.0655 40.8965 45.5124 39.309  38.3168 35.9589 40.8847 44.8838 41.8406 38.8375 46.0706 41.9394 43.1292 38.9242 41.8777 42.5585 40.1334 42.0404 41.892  39.1746 34.1984 42.0437 40.7867 40.8168 37.1365
27.2392 27.7724 34.5241 32.3587 29.6328 32.6164 35.5531 32.2492 28.4808 30.1968 31.2236 35.2773 27.0218 30.336  35.7422 30.2508 30.7293 34.7382 31.7333 27.8709 29.5054 25.7347 29.5751 34.6325 29.3456 35.2406 30.5002 26.6583 24.0496 32.5797 27.692  26.1163 32.1963 25.6389 29.2226 27.9065 49.2404 49.2224 51.9417 55.1479 43.608  53.6669 49.7618 46.6768 46.6721 48.9349 45.8058 55.1155 48.8717 52.505  51.335  54.1347 52.6776 51.8704 52.9691 50.063  50.2961 54.8838 43.6561 44.6266
24.0092 35.4598 34.8025 29.8351 29.805  31.5368 24.5358 35.5788 24.3121 34.6339 25.9863 27.0365 26.525  25.6833 24.7311 27.721  31.2012 35.108  35.8289 28.4415 24.1326 32.3293 27.6836 30.7135 33.916  30.6687 29.9949 31.2482 35.5917 35.0004 27.5844 35.1411 32.9187 31.0686 30.0389 34.9538 26.3601 43.8293 42.1937 46.2228 40.0311 49.1874 43.2222 46.9414 41.6208 47.8676 40.8988 48.5293 41.464  45.073  39.4557 44.9478 43.7195 40.1057 47.7618 43.4158 39.5706 38.9522 43.0665 48.3336
35.6361 35.2266 26.4512 25.9995 31.3716 33.6116 31.0205 35.3324 24.0536 24.943  30.5574 25.9007 30.5912 28.7026 26.7435 34.9013 35.2847 26.9165 34.0695 34.8715 30.3757 30.5262 26.6249 28.6486 33.493  34.5737 25.9191 34.0835 26.7182 28.024  24.7789 31.0811 32.7402 25.5203 25.9565 45.2669 43.6386 45.6793 46.3675 47.0872 45.149  42.6339 44.0209 37.4576 36.7345 44.6232 44.0051 42.6104 45.3716 44.7814 43.2799 40.2977 45.3995 42.3269 42.833  37.6434 39.3297 36.2876 43.9401 41.7559
28.1088 29.5571 32.1706 30.0073 30.0584 35.4896 25.586  32.8786 33.8558 29.3816 32.8775 29.6475 30.9786 29.8715 24.928  33.2888 31.1582 24.2468 32.5481 27.4981 29.4011 26.7648 33.1823 25.3066 24.1752 46.0895 47.833  48.2792 42.9483 49.8557 41.3663 45.1237 48.0034 47.5723 46.7248 42.3824 49.8083 44.8945 47.9839 42.5946 50.1032 38.6026 42.7749 46.8331 45.7259 44.0426 45.7006 39.9437 50.3209 49.5457 46.0858 40.5848 41.9979 48.6152 45.2827 44.9636 49.39   41.9612 40.0392 48.1554
29.4058 35.8733 34.8102 29.3203 35.0893 33.7581 32.1927 28.7426 35.7224 30.1043 27.4757 32.4181 24.0885 30.564  33.652  25.8409 24.4399 26.1938 24.4902 24.2795 30.8362 29.5322 32.3689 27.4541 24.285  30.6999 28.7893 24.5347 48.4173 50.2948 51.6249 48.7382 42.2627 52.33   52.0568 47.7856 44.3951 47.1922 42.3747 47.6053 49.0687 42.7951 44.8607 41.8246 44.3844 41.5396 49.9236 48.3445 51.3818 50.8894 46.0325 51.1148 47.5227 43.6809 44.0393 42.992  44.1858 46.0189 43.6126 49.7235
24.415  34.8998 29.577  32.9036 26.0351 27.4298 32.2944 34.028  35.9394 27.1004 26.2863 34.1448 25.4997 27.4133 25.4116 26.6333 24.0356 26.3653 24.5009 30.4612 30.4403 53.8476 44.7549 51.5139 52.2461 54.5152 54.4469 52.2425 54.7745 51.2381 44.1383 44.9014 54.4623 49.2617 51.9663 48.2732 46.6255 46.0291 45.183  47.2079 49.8813 48.1392 51.2837 51.9902 49.8798 55.1439 51.6883 51.7831 44.2132 52.6754 51.9983 52.0453 51.999  51.3777 50.9333 54.9089 53.9229 45.6751 45.2032 52.0813
32.485  30.332  26.9734 33.9693 29.5707 25.098  25.3121 28.2704 26.3785 35.9651 35.2086 32.8048 26.6032 29.3632 26.2852 32.5992 26.4769 24.2879 32.7953 30.2134 33.2716 32.2797 34.3673 25.9668 29.8649 26.8467 25.1689 34.5675 34.656  35.9721 26.6858 30.2233 27.07   24.1586 33.9696 31.1924 32.3374 30.6691 35.6104 51.0491 43.1877 41.5513 40.7754 45.4857 50.1722 40.1493 51.1215 42.3056 41.8741 41.6839 46.395  50.8589 51.0715 48.1103 50.7733 46.8683 47.9461 41.6953 47.9432 41.1379
30.8949 35.6526 26.5059 33.7188 33.1544 24.2648 27.0461 34.66   28.7801 35.6699 29.1249 30.6827 25.4039 33.0883 34.3196 24.4653 34.8767 35.6144 31.9808 34.3997 32.9606 39.2874 42.1819 42.653  36.1224 34.1144 41.3108 32.6022 37.0716 43.6926 32.3837 33.2636 37.6074 33.4193 32.3514 43.7771 40.7405 35.0894 33.9209 32.3257 44.2985 41.244  35.2208 35.154  34.1743 32.9393 42.2289 36.472  33.254  33.016  42.8344 41.7599 39.438  34.8308 41.6509 41.0141 41.1463 35.4533 34.1247 33.7751
30.2031 29.8458 25.398  26.6242 31.0183 24.3055 35.2505 29.4249 33.7658 30.957  30.1473 26.1537 33.4471 31.3099 27.63   35.8476 28.7041 24.6276 26.2962 31.4388 32.1196 28.609  29.3199 33.1416 32.222  32.4325 30.3922 25.7862 26.3961 25.8772 24.13   31.3811 44.4348 40.8015 35.8899 35.5392 46.7989 45.424  46.0333 44.4039 37.6214 35.9604 43.3893 42.0537 36.7169 46.5812 35.6769 41.6476 46.0715 37.1873 47.0765 36.3868 39.2724 40.9333 38.1531 42.6993 38.0165 38.4939 43.9041 42.581
35.3258 27.6795 31.4366 24.8255 26.8885 31.2295 24.7069 24.8145 28.5994 29.3596 31.7395 25.9837 35.1201 25.9859 34.9615 32.3359 30.1722 28.6115 33.5874 35.2112 30.668  31.745  34.6949 35.5461 33.4754 27.7038 34.3589 35.7896 29.1378 33.135  35.8513 28.9296 8.17668 13.2678 9.46672 14.0368 16.2853 17.4075 9.72671 17.9264 18.9289 13.9402 8.9214  11.3065 13.3677 11.7743 8.34633 8.51195 16.2496 16.6484 10.254  10.5702 19.1878 15.4891 18.1441 11.8522 18.4401 15.2299 18.0872 15.4924
30.8222 26.5915 32.7472 31.6264 31.8526 32.2577 34.7195 25.6051 24.2148 29.8303 28.2697 30.5189 27.139  32.9532 29.2079 27.2649 31.0025 24.6011 27.7456 29.2567 25.3745 9.39669 11.8541 18.1791 11.058  12.507  14.945  19.7963 9.56524 19.1522 11.9404 16.0224 17.441  10.9629 10.9959 8.92922 15.0328 8.99128 20.548  17.1395 13.2231 14.9814 10.4121 19.5543 19.1923 13.2969 15.7992 11.8174 12.9246 12.8273 13.1023 13.4493 11.5398 17.9393 8.5429  13.9943 15.7654 16.0962 16.6618 8.96814
31.6969 28.1591 25.4696 31.185  33.5712 32.6778 32.5617 35.4165 30.9588 27.2121 25.9973 35.8381 27.0876 35.3889 33.5169 32.4064 31.2577 31.8743 33.1709 29.848  26.1471 35.9497 35.0904 28.494  32.9073 32.0395 32.6091 21.4746 22.7103 11.8553 19.6294 22.8708 22.7335 21.359  16.1007 13.998  13.459  18.5027 14.3557 20.3014 20.792  21.9594 12.1561 13.5071 11.9082 19.8651 21.1265 12.5887 15.0163 15.1449 16.5157 13.3811 19.1641 20.756  13.1373 20.966  22.9766 17.2545 13.6749 19.7571
28.5778 30.8534 33.1823 33.4085 33.3894 30.7579 30.802  35.7896 30.6797 31.062  24.9041 33.4941 33.9146 30.6452 27.363  31.5394 32.4648 30.0731 28.1679 30.7521 33.2583 34.4904 24.3489 32.7387 35.3353 29.1778 34.6376 27.4901 32.4416 27.4302 14.3078 14.9386 9.24233 16.4453 10.1758 19.9038 9.42484 16.3748 16.2199 10.622  15.914  9.29668 10.9312 13.9516 19.0214 10.1582 9.87505 12.558  12.7541 12.3846 16.1898 16.7009 9.58165 11.2639 12.1004 12.9913 15.1784 15.0433 11.3689 19.1143
27.8716 27.0351 28.2645 31.3723 34.9079 24.3547 30.2067 28.6332 31.3477 29.7808 31.127  30.1451 26.8996 28.2241 28.1624 26.427  25.9911 24.2912 32.0388 25.9925 31.4333 26.7832 30.8351 27.1702 18.0266 10.5709 17.142  11.8599 17.0972 13.3703 18.0387 13.4584 11.2103 11.0131 10.6385 13.8579 18.3769 15.2075 9.26989 8.22185 16.8713 13.3214 14.5134 16.5085 8.07055 16.0117 16.2155 9.74617 10.5052 10.3958 15.1428 9.02496 17.0803 11.6774 14.0122 11.6318 13.6148 15.0496 18.8822 18.4548
33.3017 28.7812 27.331  26.5088 32.666  32.5911 27.6087 34.5748 30.2097 33.9803 32.0946 35.0394 35.8634 29.9335 35.6923 31.4707 31.9698 28.0923 25.12   28.7735 30.4256 27.2488 26.8966 29.1113 26.2496 31.8019 29.3831 32.6499 32.9587 25.3426 27.4298 31.4579 30.1671 27.0824 35.0882 27.0318 32.854  35.9681 9.4212  18.9869 11.7552 17.6025 16.2687 11.4997 10.7722 7.61632 9.94449 15.6316 16.8824 11.8184 8.44844 15.3915 18.182  10.9084 12.1074 8.04045 10.1064 14.8006 8.53106 8.78371
24.126  25.8214 34.2616 27.0655 28.7518 34.1312 32.1938 33.3318 32.4438 31.9415 35.7253 33.1911 33.5837 26.3913 34.6303 29.7598 27.2936 24.7179 35.4051 33.2359 32.2937 33.3994 29.245  32.1328 34.3049 30.9059 27.161  27.8066 28.3729 28.7478 34.7702 33.3759 35.642  28.6666 25.7939 28.3872 24.2681 26.7633 19.1327 26.7448 22.8413 20.5208 19.4849 22.3731 20.8249 26.8645 26.5781 22.2064 20.5267 23.0348 25.4706 23.2955 23.6998 19.0329 18.597  23.3014 16.4539 16.9816 15.9533 21.3618
24.863  33.3355 28.3622 25.8464 32.2276 26.5889 27.1203 32.3693 32.7729 35.5145 32.7016 27.2492 24.0988 28.9398 31.1296 31.9485 33.2918 30.2203 29.5729 27.9076 28.9861 12.9491 11.3671 16.4028 9.65917 19.2234 21.3724 16.1197 17.8798 19.6644 19.6901 13.9949 10.3481 9.73188 20.8395 17.9249 19.5991 17.9638 12.0222 10.3022 19.7764 15.0232 10.8897 10.8728 16.3246 13.1382 9.38853 12.049  12.9278 16.3723 16.1568 15.6805 11.0021 17.6422 18.8437 21.2442 10.5229 15.78   18.655  13.967
28.3791 26.5147 26.3957 24.4697 29.1712 24.0264 25.4766 30.405  31.6547 34.696  27.0274 34.3336 27.3347 33.9322 32.4435 26.5999 31.5049 34.9182 35.552  27.8654 29.8953 27.5683 26.7567 16.1061 23.0778 25.6781 25.9406 23.8478 19.5345 17.5196 22.1017 25.3836 16.7859 20.2157 18.5584 22.5865 16.6896 23.8038 16.2526 21.2626 18.0509 25.3164 25.6887 27.2031 17.9338 20.3365 21.5814 21.2957 27.6614 22.6794 17.6716 19.3652 27.1708 16.3239 19.916  27.5891 28.0643 26.4683 19.3744 23.2283
33.6013 34.01   24.8024 32.366  27.3766 26.4148 31.7494 30.1091 29.0919 28.754  25.3352 26.5074 27.1368 27.9869 25.8387 35.3027 27.2962 28.1779 35.0327 27.3274 26.1736 29.44   28.6596 32.7982 30.7058 25.0444 26.7688 34.0886 32.3891 26.1016 33.2168 34.4169 22.654  24.2587 18.0105 23.3763 22.239  26.2186 26.6486 24.251  17.0175 20.9328 23.124  26.8131 27.2791 26.7632 21.4998 16.0712 22.4215 19.3049 16.4524 20.9997 26.9284 18.0637 25.5701 19.226  22.7491 25.8455 19.995  20.2674
35.5314 31.9037 27.8117 34.1    35.5197 29.6273 24.9584 25.2926 24.6661 33.0263 31.8578 32.1075 34.234  33.8878 26.9972 34.9274 32.5984 31.5074 28.476  33.7743 31.214  35.1723 27.9002 25.5155 34.1742 30.4704 32.7883 28.5653 25.7729 24.1223 29.845  32.1207 28.0361 27.2343 16.2926 21.636  17.4189 20.0056 20.4602 18.2796 21.979  17.2378 24.9112 26.0963 26.5119 18.2356 19.4213 22.4402 24.2712 20.6126 24.8811 17.7611 23.2565 20.7033 21.3635 26.227  27.5504 16.9143 23.8088 26.6901
24.495  29.9622 30.0562 27.3795 27.6645 28.6523 30.1895 24.1036 28.7511 31.5199 27.3865 26.7938 26.8625 27.5003 29.8884 31.4369 26.0531 34.4004 32.7409 33.8411 29.8796 26.4912 31.9621 19.2107 15.9762 20.2646 23.4289 20.6458 18.9415 17.9713 21.5238 19.6517 20.9267 18.2276 16.5245 16.1536 24.0407 15.0655 19.2434 17.0397 15.9946 14.2183 15.6376 12.8567 17.4418 18.9485 22.8568 21.7526 23.8656 19.3818 14.4552 20.5316 21.3788 12.7891 17.473  21.92   21.1621 16.0923 16.2645 21.6531
24.6911 28.3233 25.7502 32.8885 30.2971 32.6418 27.1544 29.0533 30.6346 35.075  27.497  35.3923 30.9974 31.8982 31.5666 26.6172 25.7061 26.077  30.5652 34.8389 27.6223 30.4785 30.0819 25.0337 34.1371 33.0296 35.7892 29.711  33.7937 32.5015 31.8262 28.7481 31.3598 30.9772 28.9637 29.0173 27.0472 21.9028 15.3722 24.7139 26.3777 25.7575 16.9648 25.8012 25.9411 17.4841 25.7153 25.7832 25.2515 16.5454 17.18   26.2452 24.2097 15.276  20.1861 25.4814 20.2782 26.2085 24.502  26.2514
26.9043 24.3415 31.7311 26.81   31.0242 28.7302 26.3458 26.0406 28.7628 34.7694 29.7598 25.6819 29.4459 30.3507 24.672  27.9392 25.1476 25.1332 30.4781 28.0508 32.3194 29.44   35.7216 31.9297 28.342  35.5278 22.0342 25.3102 18.8615 25.0102 25.258  25.1141 16.1484 15.8135 18.1079 25.9627 16.6754 24.7796 20.6039 23.9489 26.1526 22.7264 18.0616 14.8356 15.6516 22.8153 17.3981 25.1861 22.2468 14.767  17.3518 16.6996 16.3566 21.4111 20.8393 25.1214 15.9681 16.2182 19.1336 22.7
34.0736 24.1785 28.9501 31.1336 35.5046 30.9853 33.0707 24.3272 30.3511 29.5538 31.9404 31.7957 32.3058 33.3626 32.0384 31.734  35.671  26.1581 31.7432 29.7418 27.4618 13.5398 9.0325  15.5661 18.9698 11.8454 18.2402 19.0267 13.6    18.9559 17.8179 11.9255 17.2571 8.68107 10.7603 13.4652 14.1233 17.4099 11.3386 13.6213 14.1141 9.69203 16.6736 17.8201 16.6086 18.6279 8.22058 13.896  14.8188 19.9595 18.1487 9.10925 18.603  15.5389 12.8009 14.2602 19.3984 13.6921 13.2669 14.3825
31.1949 32.0851 32.9315 28.0141 31.3973 32.6458 32.7516 33.0957 35.5491 31.4028 35.299  27.8911 35.1286 34.7254 24.9045 31.0491 29.1917 30.8589 26.4486 29.1554 24.7054 32.5368 27.1669 26.3139 33.7152 32.8437 26.3296 34.9912 30.1054 34.1499 34.1775 26.561  27.2826 27.1467 28.0181 34.4419 25.9163 22.6036 26.7473 22.1034 23.4071 19.1602 21.2221 15.9496 20.1153 15.1663 23.4144 24.476  16.0891 26.7209 26.5369 21.7285 17.5635 15.3617 18.7419 21.8438 16.2602 17.8444 16.4457 22.7035
30.4227 31.0532 32.5713 31.8354 34.5932 30.7723 28.6126 34.6369 27.5819 28.8502 27.2205 35.6827 35.4565 27.4867 27.2528 28.0409 31.8765 24.5134 32.1207 28.8146 33.9267 34.2263 24.8854 29.0159 25.3807 24.3004 26.6653 30.4175 28.1419 22.4235 21.2234 16.9244 23.502  22.5333 23.8759 22.7955 16.4125 12.6283 13.5511 21.056  12.7219 22.6266 22.0534 14.8896 13.9286 20.8948 15.121  19.2599 15.9953 23.3342 23.9284 22.884  16.6303 18.8938 21.096  18.7631 21.4651 18.7234 15.3872 16.4059
33.9193 27.1004 34.7235 24.78   26.3807 32.5125 28.1004 33.5069 28.6666 27.3266 30.1113 33.5415 29.8447 33.6994 24.2585 26.7439 28.8488 35.2567 28.1301 24.8692 31.5027 29.646  33.5128 18.0535 17.8258 17.4362 20.761  13.5246 17.4479 21.5674 19.7948 17.1343 19.8327 12.962  19.6263 18.157  18.9025 10.3029 16.9959 18.4111 15.036  13.0009 18.0491 16.4091 15.9915 17.9749 13.5635 17.0069 21.4976 13.2381 11.7259 12.7791 20.4628 17.8515 16.0404 21.7301 11.7116 15.205  10.3966 19.269
29.8314 24.632  31.6466 24.9283 30.3727 27.5176 33.4577 24.3999 28.6409 32.5334 25.2709 33.4809 32.5371 33.4923 27.2495 28.9839 29.7947 29.9016 26.4005 27.1214 34.0637 28.5972 33.3388 29.028  33.2481 25.7549 29.4613 30.3298 34.508  35.8336 26.0157 31.9536 33.3281 21.801  15.7077 17.8416 15.1925 19.5841 12.0186 15.0148 19.5955 11.4865 18.2728 10.3415 15.1562 20.7919 12.1013 18.7351 11.4307 18.391  15.9707 16.9632 11.799  18.615  15.754  14.9546 17.6444 14.0527 13.3847 13.6612
29.6254 25.5034 31.5978 31.4663 33.5488 28.2935 28.9244 30.6922 25.3301 26.8728 31.817  24.2666 31.387  31.6536 34.8491 29.2509 28.2719 35.7808 31.4722 32.3223 28.5084 29.8671 31.474  29.1525 24.1245 25.3763 15.9175 22.2307 18.264  24.582  18.6793 26.37   24.1538 25.9022 24.7998 17.2729 25.463  22.2961 26.8757 24.5111 25.7024 21.3556 25.9675 15.5065 24.2809 25.0252 21.75   16.837  15.0791 17.3331 26.7468 18.8795 21.3321 23.6915 22.3097 19.1361 15.2851 22.5278 20.6572 24.1289
